name: Level 1-8
start: 50 480
platform: 0 550 800 50
platform: 45 500 65 20
platform: 140 470 70 20
platform: 245 430 75 20
platform: 340 390 80 20
platform: 440 350 85 20
platform: 550 300 90 20
platform: 670 250 75 20
killer: 70 550 120 550 95 520
killer: 170 500 220 500 195 470
killer: 280 460 330 460 305 430
killer: 380 410 430 410 405 380
killer: 480 360 530 360 505 330
killer: 600 310 650 310 625 280
killer: 710 260 760 260 735 230
killer: 620 270 670 270 645 240
goal: 690 200 40 40
