name: Level 1-6
start: 25 520
platform: 0 550 800 50
platform: 60 490 75 20
platform: 160 460 80 20
platform: 270 420 85 20
platform: 370 380 90 20
movingplatform: 480 340 95 20 450 550 340 340 120
movingplatform: 600 290 100 20 600 600 240 340 140
platform: 700 250 80 20
killer: 100 550 150 550 125 520
killer: 210 490 260 490 235 460
killer: 320 450 370 450 345 420
killer: 430 400 480 400 455 370
killer: 540 350 590 350 565 320
killer: 650 310 700 310 675 280
goal: 710 210 40 40
