name: Level 1-9
start: 50 480
platform: 0 550 800 50
platform: 40 500 60 20
platform: 130 470 65 20
movingplatform: 230 430 70 20 200 300 430 430 100
platform: 320 390 75 20
movingplatform: 420 350 80 20 380 520 350 350 140
platform: 530 300 85 20
movingplatform: 650 250 70 20 600 700 250 250 130
platform: 740 180 50 20
killer: 60 550 110 550 85 520
killer: 160 500 210 500 185 470
killer: 260 460 310 460 285 430
killer: 360 410 410 410 385 380
killer: 470 360 520 360 495 330
killer: 580 310 630 310 605 280
killer: 700 260 750 260 725 230
killer: 640 270 690 270 665 240
killer: 760 190 800 190 780 160
goal: 720 130 40 40
