name: World 1 - Hard 1
start: 50 400
platform: 0 550 1200 50
platform: 1200 520 80 20
platform: 1270 460 100 20
platform: 1340 400 120 20
platform: 1410 340 80 20
platform: 1480 520 100 20
platform: 1550 460 120 20
platform: 1620 400 80 20
platform: 1690 340 100 20
platform: 1760 520 120 20
platform: 1830 460 80 20
platform: 1900 400 100 20
platform: 1970 340 120 20
killer: 1340 550 1380 550 1360 520
killer: 1480 550 1520 550 1500 520
killer: 1620 550 1660 550 1640 520
killer: 1760 550 1800 550 1780 520
killer: 1900 550 1940 550 1920 520
killer: 2040 550 2080 550 2060 520
invisibleplatform: 1580 320 100 15
boss: 1880 350 80 80 5
goal: 2030 260 40 40
